0  500 500
1  891 373
2  70  208
3  241 823
4  172 503
5  253 214
6  81  673
7  103 274
8  453 299
9  753 382
10 811 961
11 543 780
12 835 538
13 430 783
14 16  818
15 907 630
16 264 880
17 935 236
18 56  713
19 856 253
20 49  282
21 256 309
22 105 916
23 813 489
24 584 416
25 935 387
26 430 589
27 478 105
28 832 987
29 78  707
30 764 141
31 498 458
32 991 417
33 856 637
34 964 876
35 542 918
36 989 870
37 796 551
38 411 717
39 753 683
40 529 447
41 787 612
42 153 218
43 598 356
44 338 58
45 727 12
46 383 258
47 497 899
48 941 290
49 113 238
50 652 681
51 596 257
52 8   171
53 924 315
54 944 728
55 367 833
56 864 883
57 281 582
58 758 33
59 244 472
60 629 295
61 387 696
62 813 654
63 128 866
64 343 136
65 554 699
66 909 666
67 396 288
68 961 959
69 614 318
70 698 374
71 552 982
72 919 359
73 118 239
74 858 500
75 636 568
76 222 141
77 796 524
78 960 157
79 84  48
80 158 966
81 206 266
82 716 441
83 235 465
84 456 147
85 447 479