0  500 500
1  354 968
2  582 631
3  411 807
4  153 112
5  505 398
6  117 730
7  854 568
8  234 931
9  140 725
10 499 319
11 632 956
12 220 520
13 86  12
14 689 560
15 580 845
16 984 339
17 653 282
18 615 278
19 840 501
20 967 289
21 804 22
22 795 741
23 263 847
24 601 850
25 150 800
26 390 969
27 967 117
28 279 909
29 711 399
30 435 707
31 949 661
32 590 776
33 616 836
34 414 335
35 779 251
36 34  986
37 567 90
38 420 780
39 811 535
40 868 563
41 487 937
42 991 195
43 938 91
44 666 333
45 243 527
46 247 770
47 257 731
48 159 596
49 23  1
50 225 558
51 112 306
52 965 492
53 655 810
54 545 178
55 467 143
56 704 298
57 902 210
58 111 303
59 842 978
60 252 286
61 481 122
62 42  875
63 868 379
64 624 785
65 19  213
66 737 684
67 854 931
68 906 247
69 726 15
70 905 787
71 968 995
72 293 355
73 592 311
74 94  584
75 337 619
76 902 561
77 82  710
78 766 539
79 602 185
80 975 768
81 727 782
82 136 946
83 567 892
84 713 690
85 445 631
86 840 935
87 257 761
88 616 98
89 536 730
90 311 585
91 164 43